v 2 0.05 0
v 2 -0.05 0
v 0 -0.05 0
v 0 0.05 0
v 2 0.05 0
v 0 -0.05 0
v 0 0.05 2
v 0 -0.05 2
v 2 -0.05 2
v 2 0.05 2
v 0 0.05 2
v 2 -0.05 2
v 0 0.05 0
v 0 -0.05 0
v 0 -0.05 2
v 0 0.05 2
v 0 0.05 0
v 0 -0.05 2
v 2 0.05 2
v 2 -0.05 2
v 2 -0.05 0
v 2 0.05 0
v 2 0.05 2
v 2 -0.05 0
v 2 0.05 2
v 2 0.05 0
v 0 0.05 0
v 0 0.05 2
v 2 0.05 2
v 0 0.05 0
v 2 -0.05 0
v 2 -0.05 2
v 0 -0.05 2
v 0 -0.05 0
v 2 -0.05 0
v 0 -0.05 2
v 2 4 -0.04
v 2 0 -0.04
v 0 0 -0.04
v 0 4 -0.04
v 2 4 -0.04
v 0 0 -0.04
v 0 4 0.04
v 0 0 0.04
v 2 0 0.04
v 2 4 0.04
v 0 4 0.04
v 2 0 0.04
v 0 4 -0.04
v 0 0 -0.04
v 0 0 0.04
v 0 4 0.04
v 0 4 -0.04
v 0 0 0.04
v 2 4 0.04
v 2 0 0.04
v 2 0 -0.04
v 2 4 -0.04
v 2 4 0.04
v 2 0 -0.04
v 2 4 0.04
v 2 4 -0.04
v 0 4 -0.04
v 0 4 0.04
v 2 4 0.04
v 0 4 -0.04
v 2 0 -0.04
v 2 0 0.04
v 0 0 0.04
v 0 0 -0.04
v 2 0 -0.04
v 0 0 0.04
v 1.96 4 0
v 1.96 0 0
v 1.96 0 2
v 1.96 4 2
v 1.96 4 0
v 1.96 0 2
v 2.04 4 2
v 2.04 0 2
v 2.04 0 0
v 2.04 4 0
v 2.04 4 2
v 2.04 0 0
v 1.96 4 2
v 1.96 0 2
v 2.04 0 2
v 2.04 4 2
v 1.96 4 2
v 2.04 0 2
v 2.04 4 0
v 2.04 0 0
v 1.96 0 0
v 1.96 4 0
v 2.04 4 0
v 1.96 0 0
v 2.04 4 0
v 1.96 4 0
v 1.96 4 2
v 2.04 4 2
v 2.04 4 0
v 1.96 4 2
v 1.96 0 0
v 2.04 0 0
v 2.04 0 2
v 1.96 0 2
v 1.96 0 0
v 2.04 0 2
v 0 4 2.04
v 0 0 2.04
v 2 0 2.04
v 2 4 2.04
v 0 4 2.04
v 2 0 2.04
v 2 4 1.96
v 2 0 1.96
v 0 0 1.96
v 0 4 1.96
v 2 4 1.96
v 0 0 1.96
v 2 4 2.04
v 2 0 2.04
v 2 0 1.96
v 2 4 1.96
v 2 4 2.04
v 2 0 1.96
v 0 4 1.96
v 0 0 1.96
v 0 0 2.04
v 0 4 2.04
v 0 4 1.96
v 0 0 2.04
v 0 4 1.96
v 0 4 2.04
v 2 4 2.04
v 2 4 1.96
v 0 4 1.96
v 2 4 2.04
v 0 0 2.04
v 0 0 1.96
v 2 0 1.96
v 2 0 2.04
v 0 0 2.04
v 2 0 1.96
v 0.04 4 2
v 0.04 0 2
v 0.04 0 0
v 0.04 4 0
v 0.04 4 2
v 0.04 0 0
v -0.04 4 0
v -0.04 0 0
v -0.04 0 2
v -0.04 4 2
v -0.04 4 0
v -0.04 0 2
v 0.04 4 0
v 0.04 0 0
v -0.04 0 0
v -0.04 4 0
v 0.04 4 0
v -0.04 0 0
v -0.04 4 2
v -0.04 0 2
v 0.04 0 2
v 0.04 4 2
v -0.04 4 2
v 0.04 0 2
v -0.04 4 2
v 0.04 4 2
v 0.04 4 0
v -0.04 4 0
v -0.04 4 2
v 0.04 4 0
v 0.04 0 2
v -0.04 0 2
v -0.04 0 0
v 0.04 0 0
v 0.04 0 2
v -0.04 0 0
v 2 4 2
v 2 4 0
v 0 4 0
v 0 4 2
v 2 4 2
v 0 4 0
v 1 5 1
v 2 4 0
v 0 4 0
v 1 5 1
v 2 4 2
v 2 4 0
v 1 5 1
v 0 4 2
v 2 4 2
v 1 5 1
v 0 4 0
v 0 4 2
f 199 200 201
f 202 203 204
f 205 206 207
f 208 209 210
f 211 212 213
f 214 215 216
f 217 218 219
f 220 221 222
f 223 224 225
f 226 227 228
f 229 230 231
f 232 233 234
f 235 236 237
f 238 239 240
f 241 242 243
f 244 245 246
f 247 248 249
f 250 251 252
f 253 254 255
f 256 257 258
f 259 260 261
f 262 263 264
f 265 266 267
f 268 269 270
f 271 272 273
f 274 275 276
f 277 278 279
f 280 281 282
f 283 284 285
f 286 287 288
f 289 290 291
f 292 293 294
f 295 296 297
f 298 299 300
f 301 302 303
f 304 305 306
f 307 308 309
f 310 311 312
f 313 314 315
f 316 317 318
f 319 320 321
f 322 323 324
f 325 326 327
f 328 329 330
f 331 332 333
f 334 335 336
f 337 338 339
f 340 341 342
f 343 344 345
f 346 347 348
f 349 350 351
f 352 353 354
f 355 356 357
f 358 359 360
f 361 362 363
f 364 365 366
f 367 368 369
f 370 371 372
f 373 374 375
f 376 377 378
f 379 380 381
f 382 383 384
f 385 386 387
f 388 389 390
f 391 392 393
f 394 395 396
